1	0	1
0.998027	0.0627905	1
0.992115	0.125333	1
0.982287	0.187381	1
0.968583	0.24869	1
0.951057	0.309017	1
0.929776	0.368125	1
0.904827	0.425779	1
0.876307	0.481754	1
0.844328	0.535827	1
0.809017	0.587785	1
0.770513	0.637424	1
0.728969	0.684547	1
0.684547	0.728969	1
0.637424	0.770513	1
0.587785	0.809017	1
0.535827	0.844328	1
0.481754	0.876307	1
0.425779	0.904827	1
0.368125	0.929776	1
0.309017	0.951057	1
0.24869	0.968583	1
0.187381	0.982287	1
0.125333	0.992115	1
0.0627905	0.998027	1
-6.04901e-16	1	1
-0.0627905	0.998027	1
-0.125333	0.992115	1
-0.187381	0.982287	1
-0.24869	0.968583	1
-0.309017	0.951057	1
-0.368125	0.929776	1
-0.425779	0.904827	1
-0.481754	0.876307	1
-0.535827	0.844328	1
-0.587785	0.809017	1
-0.637424	0.770513	1
-0.684547	0.728969	1
-0.728969	0.684547	1
-0.770513	0.637424	1
-0.809017	0.587785	1
-0.844328	0.535827	1
-0.876307	0.481754	1
-0.904827	0.425779	1
-0.929776	0.368125	1
-0.951057	0.309017	1
-0.968583	0.24869	1
-0.982287	0.187381	1
-0.992115	0.125333	1
-0.998027	0.0627905	1
-1	-2.54207e-15	1
-0.998027	-0.0627905	1
-0.992115	-0.125333	1
-0.982287	-0.187381	1
-0.968583	-0.24869	1
-0.951057	-0.309017	1
-0.929776	-0.368125	1
-0.904827	-0.425779	1
-0.876307	-0.481754	1
-0.844328	-0.535827	1
-0.809017	-0.587785	1
-0.770513	-0.637424	1
-0.728969	-0.684547	1
-0.684547	-0.728969	1
-0.637424	-0.770513	1
-0.587785	-0.809017	1
-0.535827	-0.844328	1
-0.481754	-0.876307	1
-0.425779	-0.904827	1
-0.368125	-0.929776	1
-0.309017	-0.951057	1
-0.24869	-0.968583	1
-0.187381	-0.982287	1
-0.125333	-0.992115	1
-0.0627905	-0.998027	1
-1.83697e-16	-1	1
0.0627905	-0.998027	1
0.125333	-0.992115	1
0.187381	-0.982287	1
0.24869	-0.968583	1
0.309017	-0.951057	1
0.368125	-0.929776	1
0.425779	-0.904827	1
0.481754	-0.876307	1
0.535827	-0.844328	1
0.587785	-0.809017	1
0.637424	-0.770513	1
0.684547	-0.728969	1
0.728969	-0.684547	1
0.770513	-0.637424	1
0.809017	-0.587785	1
0.844328	-0.535827	1
0.876307	-0.481754	1
0.904827	-0.425779	1
0.929776	-0.368125	1
0.951057	-0.309017	1
0.968583	-0.24869	1
0.982287	-0.187381	1
0.992115	-0.125333	1
0.998027	-0.0627905	1
